-0.24637
-0.627194
-0.52936
0.5284897
1.086013
1.0006708
1.4909336
-0.293348
-0.189363
-0.535696
-2.267887
-0.450388
-0.745552
0.0594841
-1.110557
-1.980553
-3.231894
-2.565094
-2.336366
-1.978479
-1.39082
-1.744127
-1.537808
-1.114105
0.0843439
-0.049965
-0.923271
-1.071807
-1.148959
-1.520317
-1.415474
-0.862458
-0.427669
-0.467444
-0.64654
-0.060054
-0.228947
-0.157557
-0.391499
0.1123938
0.0665423
-0.100492
-0.285062
-0.144051
0.2849863
0.8644207
0.533557
0.5625507
0.9027403
0.9459653
0.6301296
1.7491664
3.8007765
3.4349614
2.958348
3.8506465
3.1694318
2.5377862
2.2796155
2.3533953
2.1656473
1.2212794
3.1720639
4.071411
2.6159836
1.8873835
0.1325061
-0.134372
0.2374502
-0.233553
0.9490109
4.2647977
2.1356649
0.8312977
1.2870662
0.9991153
0.3941246
0.211335
1.1900833
2.016945
0.9200446
1.0260766
0.3419967
-0.205532
-1.197164
-1.2008
-1.052622
1.0717678
-0.034758
0.7589138
-0.234014
-0.809063
-1.004239
-1.364813
-0.648734
-0.534385
-0.379191
-0.101054
2.3114235
1.891326
2.0457137
-0.124096
0.3774668
0.1800673
1.2367454
2.7113209
3.098397
0.4982676
0.4501134
0.2224521
0.1016388
1.3822594
1.0234477
0.1753769
1.5059687
4.3917344
3.6280654
1.3656506
-0.487019
-1.181572
-1.836361
-1.47424
-1.270269
-1.536461
-1.376056
-1.435523
-1.518103
-1.133149
-0.380715
-1.334592
-2.134579
-2.547773
-2.042737
-1.719207
-1.698317
-1.495406
-0.736603
-1.36338
-1.053981
-0.98222
-0.975604
-1.222777
-1.34626
-1.363446
-1.392305
-1.178504
-0.354542
-0.42549
-0.776962
-0.480089
-0.298745
-0.345859
0.2341287
0.3663711
1.3450052
1.8682134
0.2953754
-0.259736
0.3057117
0.4323308
0.1614402
0.2239607
0.2025331
0.3230862
0.6224598
0.5993057
0.7298421
0.938933
1.3140171
2.0266955
1.3007137
1.1166323
1.5341895
2.3405915
1.0665054
1.1890918
0.790938
0.5256553
1.4603172
1.2866956
0.2589878
-0.315866
-0.250136
-0.663832
-0.715449
-0.764852
-0.321631
0.7080269
0.8551141
0.4778678
0.013782
-0.097415
-0.525378
-0.191251
-0.491753
-0.207661
-0.067506
